"babies" <-
structure(list(bwt = c(120, 113, 128, 123, 108, 136, 138, 132, 
120, 143, 140, 144, 141, 110, 114, 115, 92, 115, 144, 119, 105, 
115, 137, 122, 131, 103, 146, 114, 125, 114, 122, 93, 130, 119, 
113, 134, 107, 134, 122, 128, 129, 110, 138, 111, 87, 143, 155, 
110, 122, 145, 115, 108, 102, 143, 146, 124, 124, 145, 106, 75, 
107, 124, 122, 101, 128, 104, 97, 137, 103, 142, 130, 156, 133, 
120, 91, 127, 153, 121, 120, 99, 149, 129, 139, 114, 138, 129, 
138, 131, 125, 114, 128, 134, 114, 92, 85, 135, 87, 125, 128, 
105, 120, 119, 116, 107, 119, 133, 155, 126, 129, 137, 103, 125, 
91, 134, 95, 118, 141, 131, 121, 100, 131, 118, 152, 121, 117, 
115, 112, 94, 109, 132, 117, 101, 112, 128, 128, 117, 134, 127, 
93, 122, 100, 147, 120, 144, 105, 136, 102, 160, 113, 126, 126, 
115, 127, 119, 129, 123, 118, 133, 105, 134, 144, 111, 125, 135, 
134, 116, 129, 113, 131, 126, 121, 121, 138, 136, 120, 122, 134, 
101, 112, 132, 136, 113, 96, 124, 113, 131, 137, 133, 107, 96, 
142, 136, 75, 125, 104, 130, 90, 118, 123, 137, 101, 142, 98, 
124, 151, 109, 150, 119, 131, 101, 113, 127, 97, 117, 150, 85, 
128, 105, 90, 115, 107, 121, 119, 117, 134, 117, 115, 110, 130, 
140, 111, 93, 154, 125, 93, 122, 129, 126, 85, 173, 144, 114, 
111, 154, 150, 111, 126, 122, 141, 142, 99, 113, 149, 117, 130, 
106, 128, 125, 114, 130, 116, 81, 124, 125, 110, 125, 138, 142, 
115, 102, 140, 133, 127, 104, 119, 152, 123, 143, 131, 141, 129, 
113, 119, 109, 104, 131, 110, 148, 137, 117, 115, 98, 136, 121, 
132, 91, 119, 85, 106, 132, 80, 109, 111, 143, 136, 110, 98, 
108, 101, 71, 124, 93, 106, 101, 100, 104, 117, 117, 149, 135, 
110, 121, 142, 104, 138, 112, 117, 109, 131, 120, 116, 140, 103, 
120, 139, 123, 104, 131, 111, 122, 116, 129, 133, 110, 105, 93, 
122, 133, 130, 104, 106, 120, 121, 118, 140, 114, 116, 129, 120, 
127, 107, 71, 88, 107, 122, 106, 135, 107, 129, 126, 116, 124, 
123, 145, 102, 129, 98, 110, 135, 101, 96, 104, 100, 154, 127, 
126, 126, 127, 98, 127, 129, 131, 132, 127, 99, 115, 145, 102, 
136, 121, 121, 120, 118, 127, 132, 102, 143, 118, 102, 163, 132, 
116, 138, 139, 132, 87, 131, 130, 123, 115, 116, 119, 125, 144, 
123, 120, 140, 120, 116, 120, 146, 112, 115, 132, 146, 122, 128, 
119, 135, 116, 129, 116, 100, 118, 138, 123, 113, 129, 122, 132, 
120, 114, 130, 117, 142, 144, 127, 115, 85, 99, 123, 112, 68, 
102, 109, 102, 99, 78, 128, 107, 136, 101, 100, 109, 117, 88, 
95, 119, 123, 127, 107, 124, 126, 98, 96, 104, 133, 93, 101, 
118, 130, 125, 140, 115, 130, 114, 105, 101, 132, 112, 69, 114, 
123, 129, 114, 115, 98, 128, 119, 119, 154, 127, 131, 129, 114, 
110, 103, 117, 138, 126, 124, 111, 132, 103, 158, 146, 101, 132, 
114, 71, 116, 108, 123, 129, 134, 113, 123, 147, 121, 125, 115, 
101, 93, 109, 115, 130, 123, 111, 97, 122, 124, 129, 124, 107, 
142, 129, 174, 105, 103, 124, 105, 133, 161, 105, 108, 153, 133, 
115, 127, 128, 117, 123, 119, 141, 91, 116, 116, 121, 111, 102, 
118, 126, 98, 131, 115, 103, 147, 123, 125, 117, 99, 115, 116, 
118, 170, 104, 108, 144, 99, 97, 142, 85, 130, 117, 109, 147, 
105, 135, 115, 123, 105, 154, 110, 119, 103, 117, 120, 145, 104, 
123, 124, 129, 91, 109, 108, 79, 133, 114, 128, 129, 97, 103, 
176, 143, 127, 107, 113, 106, 152, 150, 136, 151, 124, 123, 119, 
122, 112, 93, 109, 136, 121, 150, 94, 120, 146, 129, 125, 124, 
141, 96, 138, 127, 114, 103, 127, 141, 113, 99, 97, 116, 126, 
158, 119, 123, 129, 117, 100, 131, 146, 84, 115, 115, 118, 91, 
112, 115, 110, 117, 109, 99, 131, 136, 130, 134, 128, 150, 86, 
115, 141, 78, 100, 116, 110, 109, 113, 136, 114, 121, 117, 166, 
87, 120, 95, 132, 90, 131, 103, 144, 137, 124, 136, 117, 121, 
116, 139, 110, 86, 133, 81, 133, 132, 132, 137, 84, 136, 92, 
114, 129, 167, 71, 124, 105, 155, 125, 125, 125, 115, 174, 127, 
113, 115, 139, 127, 111, 112, 143, 116, 155, 121, 110, 87, 132, 
105, 129, 123, 91, 147, 144, 128, 137, 104, 120, 112, 138, 96, 
134, 126, 112, 138, 110, 83, 112, 148, 119, 86, 110, 126, 125, 
136, 127, 84, 131, 123, 96, 110, 123, 152, 127, 117, 125, 139, 
114, 96, 124, 107, 113, 98, 119, 107, 117, 117, 144, 136, 121, 
165, 120, 125, 137, 100, 134, 88, 108, 123, 141, 130, 139, 130, 
113, 77, 62, 93, 109, 145, 92, 120, 135, 113, 126, 143, 128, 
98, 110, 162, 116, 128, 111, 137, 134, 100, 160, 112, 134, 145, 
116, 126, 111, 126, 109, 136, 119, 103, 124, 155, 122, 113, 122, 
126, 116, 102, 110, 133, 125, 164, 133, 135, 124, 122, 121, 100, 
129, 90, 128, 116, 86, 123, 87, 128, 120, 125, 118, 116, 131, 
151, 88, 137, 127, 96, 129, 128, 85, 111, 124, 112, 115, 72, 
122, 116, 127, 90, 99, 144, 138, 58, 109, 110, 129, 150, 128, 
142, 115, 108, 108, 139, 115, 136, 163, 131, 77, 124, 104, 102, 
94, 158, 112, 119, 97, 99, 115, 139, 144, 99, 105, 89, 129, 119, 
114, 106, 122, 136, 121, 112, 112, 123, 139, 125, 105, 130, 146, 
133, 147, 109, 122, 135, 107, 117, 138, 120, 119, 118, 105, 113, 
136, 148, 140, 134, 120, 123, 102, 55, 103, 123, 105, 138, 128, 
139, 104, 159, 118, 99, 144, 121, 117, 119, 105, 125, 119, 101, 
105, 110, 100, 98, 127, 117, 122, 122, 118, 137, 120, 143, 108, 
131, 110, 105, 133, 125, 78, 114, 111, 103, 114, 75, 169, 94, 
150, 144, 144, 143, 145, 121, 105, 134, 129, 114, 97, 160, 65, 
145, 95, 139, 123, 109, 110, 122, 115, 117, 108, 120, 131, 136, 
125, 96, 102, 102, 112, 135, 91, 129, 155, 109, 80, 125, 94, 
148, 73, 123, 65, 118, 102, 120, 108, 122, 103, 105, 126, 145, 
139, 124, 121, 126, 119, 114, 118, 127, 117, 137, 133, 100, 107, 
115, 91, 112, 125, 157, 108, 130, 135, 123, 100, 124, 174, 129, 
119, 126, 128, 116, 100, 96, 131, 110, 108, 129, 141, 110, 118, 
111, 160, 120, 121, 113, 117, 158, 128, 158, 133, 163, 128, 126, 
127, 134, 140, 102, 100, 120, 98, 130, 104, 122, 137, 114, 63, 
98, 99, 89, 117, 143, 106, 99, 156, 72, 75, 97, 106, 91, 117, 
117, 112, 112, 141, 131, 130, 132, 114, 160, 106, 84, 112, 139, 
104, 130, 71, 82, 119, 123, 115, 124, 138, 88, 146, 128, 82, 
100, 114, 97, 126, 122, 152, 116, 132, 84, 119, 104, 106, 124, 
139, 103, 112, 96, 102, 120, 102, 97, 113, 130, 97, 116, 114, 
127, 87, 141, 144, 116, 75, 138, 99, 118, 152, 97, 146, 81, 110, 
135, 114, 124, 115, 143, 113, 109, 103, 118, 127, 132, 113, 128, 
130, 125, 117),