"cabinets" <-
structure(list(SupplierA = c(380, 560, 425, 389, 568, 651, 595, 
455, 540, 520, 375, 468, 492, 510, 379, 750, 520, 480, 394, 624
), SupplierB = c(325, 470, 420, 375, 574, 595, 570, 475, 560, 
500, 362, 465, 445, 490, 350, 780, 512, 465, 382, 614)), .Names = c("SupplierA", 
"SupplierB"), row.names = c("1", "2", "3", "4", "5", "6", "7", 
"8", "9", "10", "11", "12", "13", "14", "15", "16", "17", "18", 
"19", "20"), class = "data.frame")
