"failrate" <-
structure(list(V1 = c(6.4, 8.7, 13.3, 13.6, 15, 15.2, 17.7, 18.6, 
23.1), V2 = c(16.8, 30.8, 33.6, 40.5, 48.9, NA, NA, NA, NA), 
    V3 = c(27, 28.9, 32, 32.7, 35.5, 45.6, NA, NA, NA), V4 = c(31, 
    33.4, 37.5, 37.5, 40.5, 41.9, 42.5, 43.8, 43.8), V5 = c(24.3, 
    29.7, NA, NA, NA, NA, NA, NA, NA), V6 = c(17.7, 19.7, 21.5, 
    27.9, 34.8, 40.2, NA, NA, NA), V7 = c(16.5, 20.7, 23.5, 26.4, 
    26.7, 29.5, 29.8, 31.9, 36.2)), .Names = c("V1", "V2", "V3", 
"V4", "V5", "V6", "V7"), row.names = c("1", "2", "3", "4", "5", 
"6", "7", "8", "9"), class = "data.frame")
